4996
22.91
18.43
29.47
19.75
23.25
24.98
16.68
32.07
21.75
20.59
25.34
19.18
28.32
31.26
21.56
17.82
21.97
28.64
16.48
27.66
32.07
19.47
19.05
21.58
20.90
24.34
28.22
25.23
30.07
31.42
29.63
32.53
21.27
27.60
25.95
19.81
24.36
29.48
28.15
29.25
20.25
29.23
21.25
25.14
17.25
22.96
18.36
17.63
27.19
27.41
30.76
17.93
30.87
22.86
31.55
26.32
25.30
24.44
25.35
17.99
30.24
19.33
22.43
30.33
28.70
26.23
30.21
24.45
19.15
26.82
32.28
21.84
19.62
26.77
25.78
19.35
27.65
23.51
32.04
24.29
23.58
31.71
22.17
31.00
28.56
17.47
30.95
28.73
21.88
19.55
22.13
23.50
24.30
25.34
17.61
28.31
24.93
16.93
32.73
18.29
22.97
30.54
21.38
24.04
18.90
24.99
29.95
22.25
30.77
25.50
21.59
17.14
16.44
29.47
31.53
17.54
29.82
18.98
17.29
23.70
20.02
17.20
32.14
20.77
30.98
22.76
22.40
23.52
25.72
20.87
18.32
18.47
21.83
19.59
28.65
21.99
17.08
28.14
31.46
30.60
17.59
20.32
26.67
24.35
27.73
28.93
22.01
19.82
18.16
29.74
32.51
26.90
24.70
16.81
23.33
25.11
25.52
21.95
27.61
17.93
24.45
22.23
19.97
28.00
23.94
23.31
23.39
20.56
21.88
16.40
17.11
17.10
18.22
18.12
28.46
28.04
31.12
25.07
26.53
17.76
23.93
20.19
18.29
21.66
21.11
16.69
21.44
21.40
17.20
31.67
19.66
28.88
17.31
31.75
17.94
23.87
32.17
16.75
17.16
25.50
18.13
24.42
20.76
24.40
17.57
27.62
32.00
31.21
23.45
19.25
30.00
21.46
20.90
28.65
27.25
25.60
29.22
24.00
27.86
24.70
29.42
21.63
20.75
24.00
17.36
19.72
30.07
20.72
23.64
22.96
21.29
30.36
31.02
28.69
30.69
29.37
30.77
29.07
17.22
22.28
29.72
24.43
18.48
19.60
27.98
20.73
20.33
26.91
30.20
20.93
29.11
19.07
18.44
27.94
24.91
18.50
30.86
29.80
24.95
30.58
26.37
27.21
18.04
20.58
32.39
19.15
29.33
25.42
28.54
25.71
26.38
22.26
28.02
30.22
22.01
28.09
23.61
22.81
23.03
21.44
21.91
19.14
30.66
17.97
27.15
25.46
20.70
20.67
18.49
25.12
20.65
22.71
27.75
31.15
21.79
25.66
23.74
27.49
17.37
23.26
30.43
31.59
23.28
18.79
21.47
18.01
25.51
18.49
26.62
24.12
31.09
27.48
22.93
26.90
17.00
20.46
18.57
24.18
32.63
27.12
29.77
23.16
21.02
26.43
19.05
31.66
20.56
28.48
31.23
24.95
28.25
21.83
19.01
20.68
20.99
30.70
32.22
25.81
31.15
24.72
23.83
23.56
24.32
16.78
32.69
27.22
23.86
21.50
26.31
22.87
22.39
17.51
25.24
32.49
26.83
29.67
23.28
23.13
21.63
22.77
21.72
24.62
23.74
27.18
27.31
28.04
27.59
28.45
21.29
25.47
30.59
31.55
25.96
27.42
18.54
28.99
30.13
16.75
16.53
28.14
32.42
32.55
29.53
22.51
19.80
32.09
20.12
20.28
17.22
25.74
17.73
25.06
21.62
29.27
26.72
17.30
25.50
25.91
27.75
22.51
18.50
17.33
22.23
25.90
19.19
28.54
22.41
19.61
19.00
31.48
28.41
32.51
25.88
30.81
22.37
18.64
17.30
30.14
31.10
19.74
20.59
25.26
28.88
19.05
31.31
29.80
31.48
32.29
19.17
25.93
17.92
31.15
20.24
26.57
21.64
31.79
16.39
24.22
25.54
21.99
21.06
31.62
18.23
27.61
25.67
32.00
19.83
27.35
27.46
29.16
21.46
29.95
24.66
16.81
16.53
16.97
24.74
20.67
24.46
22.28
21.46
24.68
27.35
31.14
23.67
31.80
18.75
17.45
23.04
24.26
30.51
23.09
26.94
25.96
21.11
27.06
19.72
22.66
17.32
29.89
27.24
23.61
24.23
24.07
26.30
27.00
28.77
17.57
27.29
29.13
20.53
27.00
26.19
23.19
22.85
27.36
27.84
25.74
24.49
30.20
20.10
30.71
24.10
29.67
27.02
29.44
19.65
18.26
16.69
21.82
17.99
28.82
19.29
30.76
20.21
18.56
21.62
25.46
24.74
24.77
20.74
26.46
19.11
23.31
27.49
28.87
18.23
27.10
22.09
21.99
16.74
23.08
19.70
26.42
26.08
20.79
29.13
20.15
31.64
24.74
28.98
18.11
26.47
24.22
25.17
20.63
19.23
25.30
16.44
19.23
20.28
27.30
26.10
24.21
16.46
19.71
19.52
20.86
17.41
30.89
24.41
30.31
26.92
26.37
22.81
22.91
28.07
27.45
24.72
16.86
17.65
22.90
18.20
19.20
21.57
18.10
16.43
16.77
26.64
28.30
26.63
22.89
27.05
18.08
28.47
27.16
32.14
20.57
24.55
21.38
18.48
24.83
21.78
25.25
28.85
29.46
29.32
20.01
20.05
29.88
25.56
29.51
26.45
17.70
25.56
17.10
27.98
23.64
21.52
30.02
28.52
21.92
20.96
21.57
21.93
18.46
28.82
30.72
16.85
22.50
30.19
30.61
28.62
18.78
22.53
30.87
30.25
23.63
32.37
27.26
28.39
18.63
18.88
18.24
23.87
23.23
24.18
24.32
32.57
19.42
18.72
21.65
26.71
31.72
30.26
30.92
23.51
25.91
20.45
31.58
30.92
22.05
27.74
29.14
25.03
18.13
17.67
29.43
23.40
28.16
19.80
28.25
31.97
27.11
31.32
23.66
17.74
20.30
25.71
18.79
31.57
17.26
27.97
18.77
24.72
22.11
32.32
27.33
30.69
27.02
26.36
28.17
18.93
20.70
26.14
19.39
29.45
18.64
27.22
22.77
27.50
30.77
25.50
25.68
28.88
22.81
16.89
25.82
23.34
22.82
26.69
20.81
26.95
27.24
31.10
23.90
21.72
16.89
18.92
29.49
31.13
29.49
23.96
25.99
17.18
29.58
21.32
29.39
25.69
28.92
24.30
21.98
25.85
29.91
26.47
28.25
23.16
19.76
28.73
27.81
18.83
21.79
27.58
22.30
26.35
20.54
26.32
20.27
17.93
20.35
27.72
28.50
21.88
23.02
30.42
19.64
25.23
20.37
24.14
19.55
17.00
22.06
28.88
25.41
31.80
23.41
17.58
21.49
20.69
25.40
16.38
32.62
20.22
18.86
22.98
20.77
31.79
27.28
21.03
18.69
28.00
28.81
23.98
17.13
26.98
27.13
22.10
21.25
29.14
18.04
19.62
32.24
25.29
17.98
25.52
20.72
27.58
21.76
17.52
32.69
26.03
21.49
19.46
29.54
21.79
22.52
24.17
19.30
30.72
17.63
24.78
18.81
24.55
29.81
26.27
29.68
22.75
19.00
26.92
25.71
21.73
27.36
23.35
25.74
18.87
21.84
17.02
20.92
26.90
26.86
27.83
18.33
28.42
21.07
22.37
17.09
24.92
28.64
26.96
17.45
21.96
23.50
32.50
31.38
19.78
27.90
31.91
30.44
28.58
30.05
31.80
29.57
18.71
20.98
25.71
22.80
19.89
21.57
17.17
21.66
30.45
30.93
17.02
30.83
20.25
16.68
22.27
23.77
29.74
24.00
20.18
31.91
24.41
29.74
18.91
25.66
29.19
18.96
32.15
26.05
17.55
17.14
31.79
24.50
18.56
26.25
26.42
31.46
22.75
24.48
21.68
16.39
19.51
30.73
25.88
32.24
19.74
23.85
19.93
28.38
20.79
29.17
21.18
18.00
17.40
19.85
18.30
21.28
27.84
20.20
20.79
21.80
26.33
22.62
25.52
17.62
31.91
18.17
17.28
23.18
16.60
20.14
22.46
19.44
30.43
30.31
28.97
25.98
21.72
26.66
27.88
18.82
22.12
29.96
17.62
22.94
26.51
31.00
17.53
32.03
18.53
27.13
17.02
24.87
24.75
23.17
24.32
28.99
28.11
23.43
29.55
25.46
17.16
24.69
29.28
30.85
19.54
26.68
31.00
28.34
24.60
32.37
22.76
29.13
18.17
18.17
27.50
26.37
30.26
19.61
24.48
27.55
26.91
19.48
31.42
24.28
30.48
23.95
17.15
32.46
17.12
18.76
21.06
31.89
23.68
21.78
17.43
18.12
17.24
25.36
18.17
30.65
24.44
19.36
28.24
20.44
17.95
29.88
30.66
17.49
23.41
26.47
19.25
28.46
27.28
22.52
30.75
16.77
17.74
28.97
29.34
19.58
29.35
16.79
21.18
19.92
29.88
32.72
20.64
31.99
28.74
22.95
29.60
25.78
23.45
26.18
17.83
31.76
23.84
20.12
25.37
17.52
23.15
22.29
30.63
21.50
31.39
27.03
26.78
31.97
25.13
21.59
31.80
29.34
18.51
24.95
24.57
19.53
27.00
18.99
19.76
22.93
18.25
27.74
19.58
17.28
18.58
26.94
20.42
30.49
18.05
19.87
29.93
21.44
20.30
19.54
17.82
26.25
25.24
19.72
31.35
21.00
31.20
19.46
19.53
17.11
20.58
31.41
20.15
23.25
27.40
27.07
32.61
23.87
19.80
20.26
20.68
20.05
18.43
22.25
32.14
31.16
18.25
19.89
27.93
30.11
23.91
18.75
17.09
23.85
23.60
30.66
22.40
28.70
28.36
27.80
29.06
20.13
19.86
23.12
17.03
22.48
17.72
28.93
24.01
24.80
18.06
31.13
22.73
17.26
22.19
23.12
29.95
21.60
19.09
16.95
27.75
29.17
23.61
30.05
19.06
31.44
20.83
27.88
31.99
22.33
28.99
16.92
21.29
17.71
18.76
31.52
32.53
22.93
24.40
17.21
21.78
17.18
19.89
24.03
23.25
21.11
24.74
20.59
30.16
21.58
22.05
27.13
27.96
25.52
17.00
17.12
19.29
32.10
28.03
17.30
20.47
18.34
22.95
17.25
26.04
30.99
25.70
21.62
21.34
30.98
21.63
20.37
18.63
31.56
23.02
24.02
32.40
19.59
20.96
16.47
17.41
20.83
28.96
31.78
28.33
25.07
28.01
23.64
17.75
18.30
20.01
21.67
25.80
24.32
27.01
32.70
24.30
28.35
26.49
24.52
28.32
20.01
19.65
27.03
29.65
26.52
25.38
24.47
20.41
21.51
17.79
18.57
32.52
17.36
16.39
32.57
32.27
21.39
21.57
32.60
17.45
31.72
28.93
21.50
21.90
18.90
19.13
16.74
25.36
25.17
29.38
32.59
19.87
19.22
25.17
22.01
22.11
27.85
32.17
18.53
21.58
19.36
27.36
27.77
24.64
25.36
24.10
20.91
20.47
28.12
17.68
19.91
19.45
17.22
29.73
27.00
16.69
18.62
28.63
26.47
28.03
26.97
17.76
31.43
29.29
23.68
25.23
31.44
30.78
17.78
22.51
26.92
21.39
32.07
27.79
17.86
32.44
24.44
17.39
19.68
23.86
31.58
29.55
16.41
30.22
30.08
18.28
25.79
20.92
29.86
17.08
16.54
30.91
31.35
19.38
22.24
29.37
30.78
26.68
26.64
31.28
21.31
22.10
30.71
32.42
32.16
22.71
19.84
19.00
17.92
28.64
21.95
26.94
22.10
28.01
25.75
26.92
30.14
16.62
26.50
30.66
19.58
19.95
25.33
16.56
25.23
28.97
26.75
31.22
17.73
25.39
31.33
16.79
31.17
19.10
17.41
19.50
28.15
21.33
26.33
24.40
21.31
31.30
17.48
31.00
25.96
22.68
22.94
31.99
19.25
30.03
27.82
26.65
22.25
29.76
19.14
30.55
17.24
26.08
22.07
28.65
22.92
16.90
32.73
30.72
18.13
28.19
31.73
22.43
25.37
25.64
17.95
24.47
30.50
22.53
31.16
24.09
21.23
24.33
24.49
21.50
24.85
27.36
21.19
26.89
26.29
27.57
25.56
32.71
17.34
17.05
28.67
24.12
17.98
26.15
19.74
27.06
19.63
28.77
27.85
29.72
29.29
26.43
28.84
18.16
27.49
17.86
17.45
19.78
22.33
19.57
24.64
27.94
28.41
22.20
23.16
16.91
24.86
20.88
26.06
24.86
25.71
24.52
31.01
16.53
19.25
23.56
19.62
17.76
27.67
29.14
26.70
30.78
28.17
22.45
28.40
22.65
18.14
27.92
29.64
23.33
31.57
32.22
23.27
24.69
21.58
25.01
29.11
31.69
29.39
29.62
22.46
19.43
32.67
30.97
30.58
22.48
20.37
26.56
25.38
26.23
24.24
20.04
23.02
26.25
27.15
18.51
19.50
21.26
22.90
26.47
19.19
30.79
27.13
21.39
31.29
31.13
20.39
22.51
17.36
17.06
27.57
17.27
18.01
18.54
18.17
19.81
28.07
23.65
23.94
20.77
24.04
29.87
28.06
21.89
31.06
28.28
25.58
18.97
20.16
22.93
19.36
23.31
18.20
21.77
20.28
23.36
28.54
26.70
18.02
28.76
18.64
23.58
22.27
25.13
18.38
22.78
24.68
27.77
26.27
27.84
18.68
25.82
23.15
16.52
29.84
27.43
28.60
27.60
25.91
18.88
17.09
22.96
27.93
20.42
21.48
22.54
31.53
21.91
18.44
30.76
28.47
31.78
28.22
27.11
31.95
29.74
17.66
24.31
19.78
19.27
32.54
31.90
17.54
29.04
19.34
24.46
22.90
31.02
16.43
22.88
18.55
24.01
16.94
25.96
17.08
26.99
30.32
21.61
21.05
23.93
17.77
18.74
20.87
30.09
22.47
31.93
23.19
18.35
23.34
18.94
28.94
28.46
16.38
24.14
26.46
18.64
26.01
25.13
19.83
29.30
29.27
18.88
31.26
17.53
18.47
30.32
30.48
30.69
32.06
28.59
24.73
21.08
28.30
26.11
18.58
28.23
23.63
24.17
30.37
22.62
17.92
23.71
28.78
24.03
17.59
23.61
16.92
23.81
22.37
17.03
22.13
24.82
23.34
23.88
30.24
22.89
25.55
30.94
29.83
30.08
28.62
22.55
21.83
17.96
26.20
26.95
16.72
20.49
21.76
22.30
23.77
20.80
17.66
25.60
22.55
31.44
19.30
20.05
24.48
16.43
23.69
27.90
26.85
19.11
26.98
27.72
17.77
26.06
30.67
16.47
27.89
29.89
30.96
16.72
27.81
22.07
25.73
31.17
30.91
30.86
19.95
19.27
25.46
24.27
25.36
28.10
22.65
17.28
24.10
21.56
16.90
23.11
27.39
26.96
27.92
25.79
17.75
21.61
21.89
32.70
17.95
27.22
30.66
28.00
24.95
26.17
24.34
18.26
23.19
30.94
20.12
20.31
26.10
19.39
25.39
21.53
30.49
18.03
18.03
32.34
22.89
24.34
22.38
24.04
25.16
24.93
19.30
21.20
30.67
32.32
22.32
25.20
28.97
18.99
27.68
23.52
29.93
17.72
16.65
26.08
21.21
22.94
21.75
26.55
19.48
30.77
21.94
20.85
32.47
31.40
16.72
28.32
21.43
27.04
17.91
30.82
26.10
24.97
30.05
19.51
18.62
32.76
17.02
26.45
22.57
25.57
29.03
28.66
23.28
32.54
24.44
19.69
24.21
25.24
28.91
27.71
30.50
21.45
20.04
22.05
28.88
24.71
18.09
19.49
24.89
20.48
21.83
30.24
21.83
22.33
31.69
17.68
30.10
29.42
30.98
29.32
20.07
19.88
18.77
27.53
27.92
23.99
18.48
26.86
30.60
19.92
19.92
20.98
29.16
26.42
24.14
27.83
22.76
22.63
22.06
31.40
27.05
32.61
18.00
22.88
22.94
24.85
29.41
18.58
21.29
16.88
31.33
29.24
21.91
29.65
20.97
31.26
21.26
30.29
23.09
32.18
31.28
19.59
19.47
24.86
22.44
29.44
21.61
27.27
28.28
27.19
30.88
19.16
22.66
27.78
23.42
28.28
32.49
18.74
17.27
19.71
18.33
21.30
28.09
17.60
19.05
23.94
23.59
26.81
28.64
18.75
16.63
21.96
28.14
16.45
16.45
17.63
19.67
27.49
17.87
26.26
29.47
21.87
30.43
19.08
27.47
26.23
27.24
19.79
32.72
26.18
31.47
27.46
18.40
27.82
18.02
31.18
19.16
31.07
30.59
19.23
30.12
25.92
32.17
23.58
28.77
29.89
18.61
29.85
25.16
21.83
27.19
19.20
28.12
22.77
17.71
27.58
24.59
31.74
23.72
25.37
26.08
21.20
19.02
20.74
27.77
32.60
23.66
31.25
24.23
16.90
18.65
30.85
21.10
23.40
18.42
18.68
26.79
25.36
21.33
20.67
27.59
22.72
23.17
16.51
19.67
27.77
31.47
17.21
29.31
20.96
29.37
28.96
22.92
25.94
16.70
23.24
28.24
24.87
18.78
19.00
17.06
21.48
27.41
16.86
28.26
26.53
25.64
31.32
23.39
30.52
32.11
28.24
19.54
31.22
26.32
27.22
31.12
23.21
27.93
28.02
31.38
18.73
23.13
21.46
28.30
17.16
20.83
25.06
27.21
29.09
16.73
25.36
28.98
24.26
18.07
31.67
23.58
23.81
22.31
20.33
27.58
23.08
26.79
18.84
31.79
30.51
29.73
29.24
28.70
30.51
22.19
22.18
27.45
29.46
25.34
31.68
32.38
22.87
17.77
27.07
28.97
16.87
29.73
24.74
22.05
29.14
21.16
30.40
20.60
26.36
24.78
27.28
31.02
28.84
27.49
18.79
23.84
27.21
18.26
28.48
18.83
20.17
21.92
21.58
26.42
22.88
27.41
25.67
25.68
27.94
23.69
26.48
26.96
21.53
32.33
31.42
23.29
27.53
19.07
22.19
21.74
20.85
24.72
29.91
17.45
32.54
17.42
31.62
16.62
23.22
26.55
28.75
31.32
23.66
24.47
19.83
29.23
28.35
18.32
32.06
27.26
20.63
32.08
18.63
22.58
26.25
20.72
24.45
17.34
26.84
31.54
28.08
29.46
31.75
21.85
28.12
29.77
31.15
17.92
23.55
25.24
28.66
22.54
30.89
23.14
16.94
31.61
27.85
29.28
17.44
22.96
17.12
23.60
16.60
28.52
30.10
28.04
27.49
19.38
21.83
25.07
21.50
24.06
26.47
29.67
31.04
18.44
18.91
27.55
20.15
25.93
26.17
19.28
19.85
20.64
30.17
26.57
26.98
18.38
23.38
23.43
25.40
21.21
29.70
17.14
30.93
24.13
19.79
17.67
23.57
16.40
23.22
27.72
20.65
30.38
25.97
21.41
29.04
27.22
17.83
18.06
20.47
20.78
19.91
20.33
18.57
24.34
18.56
27.75
19.23
28.11
31.65
31.68
17.72
24.71
26.61
17.52
18.74
26.13
27.29
30.11
17.13
25.50
21.41
30.59
30.84
32.55
26.50
32.32
31.09
29.77
19.09
17.74
22.08
31.43
22.88
18.44
17.13
18.98
22.71
24.55
29.53
21.80
23.85
24.15
18.64
31.55
25.78
21.55
28.72
28.99
25.46
22.24
28.65
27.92
18.05
28.49
23.60
19.06
26.42
24.46
19.92
21.08
22.96
27.02
19.58
31.89
17.67
29.36
29.59
30.27
25.47
18.69
23.81
21.81
20.27
26.51
20.59
20.69
19.37
30.02
23.59
31.88
21.26
23.39
24.56
28.09
21.24
18.99
24.05
18.10
19.15
19.09
22.00
19.38
17.93
26.03
21.55
19.40
17.31
19.44
17.80
20.50
32.01
22.99
22.14
29.47
17.05
19.89
32.08
17.67
31.25
23.85
30.82
27.63
19.15
30.61
21.34
23.35
19.00
19.17
23.96
18.42
16.86
22.69
28.19
26.84
16.82
24.06
16.66
17.80
28.11
22.32
26.51
19.41
19.06
26.32
28.15
31.80
28.22
21.34
32.11
32.42
21.09
32.71
23.54
31.23
27.35
19.62
17.75
24.72
17.84
27.50
27.83
17.75
17.42
20.33
18.13
17.63
17.56
17.69
24.10
19.33
17.68
28.38
24.43
29.45
24.33
29.77
22.91
30.25
30.50
26.23
20.79
23.70
29.87
22.21
20.63
28.59
30.54
29.12
22.21
26.82
19.06
30.17
23.98
28.35
18.60
29.89
19.68
23.96
32.13
24.91
28.87
27.27
28.01
27.82
19.98
20.32
28.64
26.36
23.55
22.69
27.47
25.19
31.66
16.99
23.56
24.40
22.59
18.92
28.86
30.67
20.46
32.54
26.54
21.78
28.94
22.35
22.20
21.69
25.90
16.96
20.73
24.81
19.48
21.96
22.14
18.45
22.35
21.78
17.06
30.64
19.52
20.71
25.56
25.13
27.89
18.47
22.75
18.36
16.82
21.71
16.98
19.97
17.18
20.67
29.90
31.54
17.06
21.47
28.59
22.96
20.16
23.82
17.37
26.01
19.69
16.40
26.20
25.08
23.22
18.14
32.14
27.14
24.25
18.93
16.40
31.32
32.22
30.81
17.58
32.26
25.07
26.85
25.97
17.80
32.75
23.96
20.30
19.54
30.00
21.23
21.25
24.52
18.56
32.59
28.00
31.57
23.01
25.97
21.79
28.72
27.10
23.36
26.65
27.89
24.99
29.09
28.70
31.64
32.40
28.20
25.73
24.19
22.64
23.80
21.61
26.49
20.92
25.67
31.58
30.39
22.84
27.69
28.06
29.81
32.71
20.69
19.81
28.26
21.88
22.33
23.78
31.58
20.92
29.22
29.26
22.15
31.70
24.49
25.34
32.17
29.67
22.05
18.92
22.29
26.80
32.52
30.96
29.93
22.56
20.41
25.80
29.85
16.50
30.80
23.56
24.09
29.84
21.07
21.57
27.52
30.55
26.68
28.99
27.55
27.39
27.15
24.55
25.69
28.07
24.85
21.37
17.82
23.06
22.74
23.89
32.64
32.49
22.04
25.81
25.51
28.42
23.23
27.99
28.04
29.22
23.10
24.89
16.98
23.45
28.40
23.06
24.85
16.78
16.49
23.95
28.55
19.19
26.68
27.25
26.26
24.20
31.41
22.40
26.05
21.81
16.38
19.77
22.40
26.06
19.32
30.26
19.59
18.51
28.25
31.85
29.55
19.47
26.88
29.05
21.88
22.98
18.80
18.92
17.20
28.80
17.90
28.92
31.48
22.93
19.63
17.42
24.00
22.24
32.18
26.81
29.79
29.36
18.58
28.24
28.73
22.91
16.43
22.02
31.93
24.05
17.83
28.31
25.45
27.28
23.22
23.53
23.79
20.62
27.14
17.15
17.89
26.43
30.76
27.02
32.29
27.35
29.82
26.27
31.85
27.19
30.75
22.94
29.19
24.46
16.64
31.20
29.91
28.67
23.51
21.46
18.10
28.81
28.23
29.19
25.73
30.10
27.16
26.49
27.63
30.89
19.59
28.78
25.18
22.17
30.79
18.69
22.21
24.80
21.15
23.73
32.23
19.10
29.38
28.36
22.59
30.90
18.14
27.19
30.25
20.79
24.73
16.49
27.44
30.72
16.92
32.02
28.09
32.50
17.01
22.76
29.59
16.97
18.08
24.06
30.02
24.47
28.27
20.86
20.15
29.47
18.36
25.26
18.44
16.76
18.28
30.16
19.38
23.33
18.89
30.32
22.59
18.07
19.56
30.80
24.46
25.85
30.29
29.07
17.86
22.98
22.56
31.13
18.33
20.42
30.04
21.84
19.05
21.59
22.45
31.37
26.43
28.33
28.54
21.25
29.08
22.68
21.90
22.57
28.17
23.05
28.79
23.69
32.26
22.13
18.64
17.90
30.21
30.61
30.89
17.15
17.33
30.54
29.20
28.75
31.37
32.76
19.83
26.24
19.94
16.54
19.90
26.36
25.04
22.15
25.21
22.89
28.91
21.57
29.43
19.50
19.19
19.39
30.90
25.39
25.18
21.99
20.44
22.55
22.94
20.43
32.65
23.37
30.54
18.18
29.89
31.24
27.63
22.21
32.70
21.25
19.62
19.75
31.61
24.92
28.75
27.65
17.51
17.63
29.18
21.64
25.77
27.76
19.83
30.52
20.56
20.48
31.14
21.55
25.41
27.28
20.94
27.60
25.91
26.74
30.33
24.59
29.19
20.45
21.86
23.99
21.86
19.72
28.03
31.77
25.52
30.06
27.55
29.53
16.44
19.11
21.93
21.98
29.63
27.76
20.08
17.54
24.02
22.89
16.50
23.91
27.09
25.39
26.79
28.34
30.61
32.58
24.68
30.66
21.87
17.42
26.11
18.68
26.30
30.54
25.73
25.46
26.35
20.68
30.22
19.53
32.75
26.78
28.56
29.64
18.27
27.05
29.71
28.54
19.54
17.33
30.05
26.29
19.33
32.01
16.95
19.71
32.11
19.59
23.68
30.19
24.18
17.17
17.62
28.94
24.32
31.21
27.38
17.11
16.46
25.76
32.03
23.91
32.24
29.07
18.08
26.83
19.25
23.63
20.05
30.98
22.34
17.95
30.74
21.75
23.18
22.30
21.39
31.10
22.70
28.27
24.67
27.61
24.41
24.47
32.21
27.17
21.19
19.83
25.27
32.43
17.96
30.63
20.05
22.57
19.19
18.07
30.60
22.86
30.10
27.67
29.50
31.07
29.18
30.36
28.43
27.68
26.70
29.41
29.28
18.39
22.80
30.50
16.92
21.65
23.98
23.22
21.07
29.19
26.68
28.35
31.89
27.39
27.92
23.86
19.21
24.00
24.56
31.19
25.64
19.94
24.94
19.09
28.13
28.29
28.52
31.96
18.64
21.14
18.38
23.49
21.87
23.40
16.83
17.34
19.30
32.25
23.17
28.94
22.88
22.54
28.59
21.49
16.49
23.62
24.40
31.69
17.80
31.01
29.07
21.54
26.89
30.51
20.20
23.70
18.27
17.56
23.09
30.81
31.75
30.00
28.27
32.02
22.93
21.26
31.21
24.97
25.06
31.77
24.22
29.00
16.78
31.27
26.71
28.66
21.46
28.17
29.07
27.21
31.17
25.42
31.81
27.65
25.96
25.27
20.55
16.82
19.14
21.98
28.50
32.49
16.97
25.60
22.91
23.35
27.74
16.42
31.36
27.84
19.42
22.45
18.81
30.15
28.55
23.91
32.55
23.18
29.03
22.83
27.70
31.17
17.39
28.86
19.20
30.13
28.28
21.84
31.22
26.60
24.54
23.72
32.19
21.21
17.44
20.20
20.31
16.69
28.84
17.62
16.75
16.53
30.73
30.26
28.07
17.55
23.35
31.84
18.33
23.77
30.16
29.77
27.10
26.45
28.04
19.38
32.69
18.35
30.44
28.85
22.00
18.71
22.90
27.68
22.90
30.52
20.57
29.11
24.60
19.96
16.89
31.96
20.75
21.79
32.05
20.82
25.36
23.48
28.69
18.57
20.91
21.19
17.74
20.16
31.44
18.88
20.84
31.20
29.05
16.91
18.99
26.22
31.29
20.45
24.64
25.71
17.93
29.58
20.13
20.61
27.44
31.82
25.43
32.22
26.69
32.00
18.87
24.97
30.93
26.42
18.53
26.11
21.09
28.56
25.00
17.19
20.31
17.19
26.84
30.34
22.19
19.06
25.44
26.87
23.79
29.66
28.28
23.97
22.22
24.86
31.90
24.39
30.42
29.60
17.96
30.29
29.27
27.86
18.97
16.93
21.59
24.12
22.76
25.01
28.91
29.07
32.00
30.67
22.68
27.40
19.93
25.38
26.23
28.75
27.65
24.03
29.27
21.57
30.92
28.25
16.93
16.89
17.10
24.01
21.50
26.38
32.34
19.48
27.98
20.23
20.81
21.86
23.07
17.69
24.78
25.86
28.30
25.73
32.29
28.44
31.77
29.36
27.80
23.65
21.21
22.32
20.91
16.94
24.72
20.06
26.51
25.04
24.45
21.29
20.49
30.61
31.52
17.41
26.92
19.42
30.99
20.07
24.75
32.01
29.48
28.44
31.69
27.13
23.01
22.62
25.34
18.43
24.36
26.96
23.67
21.65
24.90
26.70
25.68
29.97
17.99
25.25
23.39
29.71
17.36
16.62
26.94
24.11
24.86
17.63
25.22
26.80
20.66
27.82
16.49
21.33
17.41
28.04
22.27
24.80
31.75
31.72
25.25
20.98
27.93
21.39
30.64
24.45
23.32
32.62
31.97
30.47
23.51
29.39
24.62
24.04
23.79
25.34
30.81
26.83
29.65
32.43
21.15
19.36
31.30
31.26
19.16
20.65
29.12
27.38
27.28
24.65
19.26
26.74
18.31
21.73
25.09
20.39
20.20
24.51
22.29
29.91
24.82
26.49
29.32
21.47
25.21
23.39
17.70
24.86
27.85
17.60
28.46
31.75
17.75
16.55
31.55
26.57
20.42
30.67
22.48
23.80
28.92
31.18
28.06
26.37
30.12
31.33
27.10
18.54
20.84
27.89
22.58
27.19
17.19
31.81
25.16
26.00
32.14
26.82
32.16
22.17
17.21
26.56
22.06
29.93
27.21
19.51
18.37
30.60
20.37
17.62
27.83
26.50
29.44
31.78
23.77
22.91
17.61
18.52
18.05
16.40
20.75
19.06
23.82
26.14
17.23
28.15
29.44
17.89
19.36
29.86
22.68
31.89
17.34
21.94
16.75
26.08
31.78
20.92
29.83
29.84
25.86
21.95
16.68
26.57
28.74
18.56
21.29
20.61
22.15
27.09
27.45
27.25
23.36
27.83
22.78
22.42
31.25
24.89
27.11
22.08
17.36
23.85
29.87
27.42
18.77
29.30
26.01
21.02
17.58
20.85
16.71
24.92
23.73
21.78
22.28
22.38
27.74
23.13
18.23
22.69
23.42
25.25
30.42
20.38
29.80
21.40
19.94
19.30
23.31
27.24
17.78
27.06
18.02
29.57
19.47
29.01
17.32
23.97
24.69
18.87
17.12
23.01
26.90
27.65
19.33
20.68
27.07
24.16
26.91
22.86
19.55
30.18
30.92
24.25
32.31
20.04
20.93
24.50
31.01
19.53
29.05
21.29
18.28
19.55
18.86
22.43
25.25
30.07
20.75
17.29
23.38
16.82
26.20
17.07
19.48
30.13
30.20
20.59
18.10
26.91
28.95
31.21
30.92
18.33
24.76
30.01
22.90
21.51
30.46
31.12
18.85
29.52
25.33
16.77
26.81
22.78
30.00
17.15
30.93
28.78
27.63
30.75
30.50
30.29
29.85
27.18
27.48
29.89
17.35
19.45
29.46
24.63
16.70
23.64
32.09
28.96
30.06
22.68
26.66
17.01
24.79
16.65
25.59
29.48
27.63
21.33
31.24
20.32
31.21
27.02
23.82
26.51
20.12
27.38
31.93
30.36
32.54
30.24
23.15
30.30
18.08
24.89
19.29
19.63
30.21
30.64
19.50
26.29
22.50
24.40
28.69
30.26
19.60
23.76
30.16
32.33
20.03
26.23
31.03
22.20
26.32
26.61
18.18
31.32
23.88
26.41
24.25
23.03
25.50
17.39
18.36
31.97
21.42
30.22
22.83
25.89
19.69
18.56
20.32
18.53
26.53
31.61
23.44
19.89
22.83
32.33
25.87
28.73
29.93
19.44
20.59
19.22
22.00
18.41
20.58
22.37
22.22
25.46
30.47
18.39
28.65
18.59
26.16
21.84
26.76
29.36
20.34
21.22
32.12
32.27
21.14
27.94
30.17
18.23
32.09
24.92
25.73
31.77
27.62
27.38
27.63
29.24
30.91
21.59
24.52
22.30
26.82
27.52
32.64
26.25
19.15
18.68
18.34
23.35
30.88
25.58
17.42
32.54
32.61
31.34
31.20
32.20
24.86
24.92
29.48
19.73
18.87
25.06
29.72
16.93
27.95
27.42
20.17
22.04
17.42
24.21
20.99
21.74
26.92
30.82
26.72
22.01
27.70
17.60
31.43
20.67
22.69
20.79
28.08
23.44
18.56
32.37
23.41
23.41
21.02
25.08
20.62
28.03
19.69
29.98
30.47
19.09
22.26
18.27
28.20
18.90
24.15
27.86
28.35
25.62
19.40
21.31
20.65
19.23
30.40
27.87
18.30
17.95
31.88
28.96
23.15
26.56
18.64
18.50
29.34
17.45
30.77
17.46
30.10
30.12
27.59
19.82
24.49
25.58
32.58
19.59
32.72
27.10
24.66
24.06
25.22
25.58
25.50
28.74
23.41
18.38
31.32
21.81
17.98
28.25
22.08
27.69
23.80
24.57
24.78
30.08
24.26
21.50
32.58
16.55
19.83
20.84
21.85
24.32
16.81
18.20
29.61
19.67
17.55
30.71
27.43
32.03
16.69
31.77
19.77
32.00
17.89
23.93
25.08
31.19
26.96
24.29
23.86
22.71
19.81
19.18
21.27
32.72
29.82
25.87
29.04
19.90
28.60
20.26
18.44
20.33
19.27
27.06
24.41
21.29
20.41
30.48
30.16
19.28
23.38
31.03
31.66
25.18
20.13
20.39
23.97
17.56
31.09
19.03
20.81
29.36
21.70
23.84
22.92
20.33
19.25
28.70
26.21
28.95
25.72
24.63
28.57
27.06
31.24
31.16
28.51
16.58
31.38
31.20
31.77
21.60
30.35
31.03
31.63
17.39
29.22
25.74
24.42
19.63
16.46
32.30
22.71
16.47
21.86
24.07
21.56
25.33
23.68
31.60
18.33
20.39
29.23
17.77
28.20
26.34
21.30
16.72
31.40
31.44
22.12
28.89
29.36
25.49
25.27
17.13
31.20
28.63
28.75
27.11
28.59
27.19
20.53
16.42
31.00
27.25
24.21
18.49
25.62
31.26
21.91
20.06
31.98
17.55
32.27
25.57
26.00
22.82
17.70
23.43
20.36
18.13
26.87
26.24
29.74
29.77
25.91
23.07
20.02
27.50
30.04
27.23
31.14
26.39
31.28
21.08
29.95
32.20
28.41
22.65
25.25
24.49
21.07
20.13
21.31
29.56
23.28
27.99
29.72
18.85
31.82
29.68
29.30
18.96
32.60
18.96
28.72
26.38
26.22
24.40
29.56
19.31
21.72
26.55
19.97
20.91
19.40
25.83
32.57
19.31
28.79
23.82
23.91
23.87
23.26
19.80
17.88
25.13
28.15
20.59
24.32
31.45
21.41
31.58
17.56
21.46
21.00
30.91
26.88
27.19
18.55
22.12
28.83
28.80
27.59
21.52
27.65
27.25
21.67
27.41
31.76
18.00
24.95
27.92
25.55
19.05
16.66
31.80
21.06
19.36
30.53
20.13
18.41
17.14
20.90
18.69
17.07
21.88
31.09
20.46
25.36
22.56
27.72
18.53
31.56
29.31
22.08
25.00
26.38
19.51
19.64
23.75
17.10
32.01
31.01
20.31
19.11
17.54
20.52
32.67
29.04
17.84
32.63
26.87
16.57
19.10
26.02
17.95
28.90
31.52
17.57
22.64
31.39
29.19
25.80
26.08
27.06
20.10
32.33
18.58
29.64
17.43
29.79
22.04
27.11
21.14
32.45
32.65
21.56
26.81
21.89
29.07
31.49
21.14
26.42
22.00
18.63
23.67
21.29
21.27
25.97
29.45
22.56
32.53
29.92
30.05
19.47
19.70
24.38
29.06
32.67
25.91
22.22
29.23
30.78
27.72
26.19
23.22
22.07
21.19
20.88
23.46
16.49
19.00
17.76
28.55
30.37
18.26
20.72
31.85
25.82
31.61
28.25
21.11
28.52
26.16
19.84
17.55
19.15
23.92
30.01
16.68
29.44
28.74
20.57
30.47
20.76
23.58
21.25
27.73
30.41
24.17
27.19
24.81
30.45
27.64
21.93
17.19
26.95
25.20
25.35
29.47
25.17
31.58
19.99
18.00
28.13
25.14
23.77
27.32
23.95
25.32
22.00
28.85
27.98
19.87
16.66
18.34
20.33
23.32
20.43
28.47
25.52
28.63
26.81
19.43
16.71
29.22
21.38
18.01
26.14
27.47
29.29
24.28
27.06
23.88
30.88
27.66
17.70
31.38
25.07
27.63
22.57
24.64
31.48
17.37
21.99
24.31
19.29
26.03
19.02
24.12
26.38
18.28
27.52
19.45
28.80
29.28
21.04
23.36
27.18
17.19
17.23
30.99
24.79
31.93
20.34
30.28
26.27
30.66
30.05
17.68
23.02
18.88
17.66
30.30
17.50
28.01
24.00
17.85
17.50
20.10
28.63
31.15
19.23
21.94
24.28
28.21
26.82
18.43
25.06
18.35
17.34
25.06
16.71
25.44
32.29
32.58
21.88
16.88
23.84
26.77
27.62
23.67
29.55
28.75
19.79
20.25
29.27
27.04
16.50
28.35
20.86
23.65
18.65
32.04
19.43
22.77
20.83
20.36
25.67
31.93
22.47
20.42
28.16
23.70
25.05
32.17
30.22
24.64
16.42
30.93
22.32
22.49
21.76
24.05
22.17
24.84
19.73
31.23
31.58
24.76
18.05
20.91
29.09
23.28
23.20
25.41
23.09
16.56
22.56
23.15
25.36
24.07
30.38
23.98
21.98
28.30
31.64
28.11
30.28
24.24
26.10
32.37
16.76
28.26
24.16
22.93
19.33
24.32
23.68
22.18
23.95
32.65
17.25
22.36
21.76
22.59
23.95
32.71
31.79
28.87
23.71
26.26
26.34
31.75
30.08
22.07
26.56
18.44
16.70
16.80
16.72
32.74
23.10
23.12
30.97
27.59
16.97
30.17
26.32
29.72
16.90
28.49
24.41
20.45
26.43
31.79
16.84
27.32
30.54
29.91
27.45
30.05
23.38
17.56
32.11
25.00
27.59
26.64
27.89
31.28
27.03
26.76
22.19
17.12
16.55
30.50
26.64
28.69
27.46
24.67
20.16
23.74
31.86
28.58
20.88
32.00
29.89
24.55
18.46
28.64
32.68
21.44
20.83
18.43
29.53
27.27
25.75
30.89
25.50
24.29
21.63
32.38
21.91
29.64
20.66
16.54
22.34
24.88
32.07
30.39
18.14
19.38
25.16
18.41
28.66
26.24
24.24
29.75
17.44
16.93
24.95
20.52
30.80
25.14
31.38
20.39
20.87
19.67
32.62
31.39
30.47
30.79
20.94
19.04
28.73
26.01
22.22
23.33
32.18
32.23
19.42
18.76
19.33
20.65
19.67
25.59
23.81
19.67
24.65
22.94
32.07
32.52
16.98
30.10
26.49
20.92
21.12
28.65
27.79
22.42
23.41
17.26
18.09
24.71
29.75
16.85
32.16
27.31
31.33
30.70
27.16
32.53
16.39
20.65
29.39
23.10
24.17
20.37
18.87
24.46
31.04
18.07
18.04
19.63
25.67
17.09
28.55
21.52
17.71
27.95
20.34
21.99
25.20
22.56
18.69
31.63
31.12
17.17
16.51
28.28
17.06
30.94
31.10
26.10
22.83
26.95
28.90
21.67
22.42
23.85
24.59
18.21
28.86
28.74
26.76
29.11
22.27
18.07
17.42
17.42
18.51
16.58
20.95
20.64
30.11
25.95
17.36
31.17
29.42
23.98
25.92
22.40
23.89
17.36
19.65
30.10
30.90
31.11
27.10
25.22
26.79
28.85
25.01
30.63
16.39
16.74
18.28
26.55
17.92
19.82
25.94
20.94
32.70
19.68
30.48
25.68
27.87
17.51
21.00
29.00
24.30
24.34
27.67
20.58
23.03
23.37
30.90
27.63
22.93
31.58
31.28
25.76
30.28
32.07
26.55
20.68
26.88
19.99
21.45
30.40
19.70
20.28
26.23
31.29
27.45
25.71
30.32
21.92
25.23
29.71
29.89
21.93
18.90
27.37
30.56
29.66
27.00
21.17
32.13
20.95
18.08
16.81
25.23
17.45
27.01
22.99
27.38
24.92
21.33
20.59
18.68
23.52
17.99
18.41
16.70
23.80
29.06
18.60
26.25
26.88
21.92
19.01
24.63
26.17
31.03
19.96
27.64
26.44
16.99
30.80
28.21
31.90
22.15
26.52
32.06
22.62
21.28
30.70
22.84
22.92
29.30
26.36
26.76
18.39
26.87
22.13
18.57
31.14
30.53
23.13
18.15
18.71
28.88
21.16
21.62
16.40
27.26
21.30
31.96
16.74
18.92
31.11
30.53
26.33
17.18
32.66
31.93
22.57
19.01
29.45
22.43
31.06
24.29
32.46
25.53
21.06
23.43
32.48
23.65
30.21
20.84
32.72
30.89
21.05
25.26
19.94
19.30
21.80
28.91
18.39
19.38
26.70
19.49
20.24
27.86
31.59
22.62
26.82
23.65
25.33
20.14
31.58
23.90
29.87
32.00
20.96
16.89
28.98
18.15
28.36
20.27
25.80
30.88
28.75
25.57
22.84
29.90
23.74
21.72
31.06
17.90
29.17
17.14
24.14
31.66
17.41
17.22
16.96
23.55
19.98
30.61
29.86
20.43
30.43
30.53
27.86
31.84
18.92
26.63
30.18
27.19
28.41
25.17
19.93
27.38
31.12
27.74
31.86
20.80
32.11
29.50
32.22
32.68
18.13
31.98
28.02
27.16
29.35
26.72
29.41
30.18
27.50
19.26
32.09
31.32
29.00
28.48
22.04
20.36
18.92
31.75
19.36
29.97
30.97
20.95
20.67
21.79
23.25
27.71
23.26
19.68
31.22
16.40
22.45
22.97
18.02
24.21
20.07
31.98
23.54
27.81
31.63
27.14
32.24
16.91
23.85
24.68
30.58
32.13
30.36
19.78
32.49
32.22
17.90
27.66
29.69
19.36
19.24
29.08
17.83
28.76
24.35
23.57
24.07
17.45
28.38
32.46
30.25
21.20
28.99
28.09
19.42
19.58
23.26
18.56
18.14
32.18
29.23
31.93
30.33
18.78
22.65
16.93
30.75
27.94
26.57
26.89
23.38
30.55
18.35
30.74
26.70
17.01
26.28
17.68
31.90
27.78
19.09
28.37
23.52
17.92
19.01
32.28
20.38
22.30
21.13
31.46
20.26
19.78
24.08
19.02
16.95
24.56
29.92
28.13
20.37
17.52
29.28
28.93
26.93
27.19
26.99
22.37
16.83
31.26
29.80
20.79
16.85
32.42
28.77
26.09
25.11
17.84
30.98
27.09
20.61
29.56
19.17
17.59
20.93
29.30
22.09
24.53
20.43
23.32
25.66
30.30
28.62
19.15
30.81
18.58
26.81
24.24
20.03
27.45
27.58
26.89
27.11
24.17
29.42
18.84
26.27
32.00
23.72
18.26
29.67
28.80
20.88
30.79
17.88
32.40
29.86
29.91
28.58
30.02
28.22
25.09
17.40
23.27
19.16
23.35
30.30
28.17
25.10
23.51
18.50
24.25
23.25
24.22
27.34
19.18
28.29
22.13
26.92
28.20
21.48
29.05
17.03
32.38
30.65
32.75
22.86
29.24
20.70
17.38
21.50
30.48
24.75
29.96
17.75
17.98
30.63
25.34
18.79
29.30
18.02
26.26
29.92
17.05
31.08
25.52
21.28
28.59
26.44
28.49
20.68
23.68
24.84
26.80
31.56
19.08
31.91
24.99
24.09
16.62
26.22
18.17
16.71
28.12
31.66
26.54
31.67
16.89
31.76
29.82
17.00
29.12
31.81
29.80
29.95
24.02
22.24
23.94
32.17
29.06
23.58
19.39
31.78
31.33
19.25
31.83
29.92
31.95
26.51
27.09
19.69
21.40
24.17
18.28
24.38
20.54
24.18
23.84
20.95
31.98
23.52
28.98
28.65
30.00
22.41
28.75
29.15
28.17
28.13
25.56
21.96
25.90
17.20
23.28
21.80
26.69
19.78
31.73
22.88
29.07
32.14
21.95
23.60
32.45
30.34
23.31
21.64
19.19
28.62
31.78
21.99
16.60
16.88
17.96
26.04
17.05
21.17
24.55
30.39
21.65
23.86
25.13
23.56
31.57
16.67
25.99
30.56
23.18
32.18
17.56
25.28
30.41
23.01
16.82
