5004
4.60
2.28
5.04
2.18
6.42
11.13
3.29
12.60
3.89
2.96
0.73
14.94
15.22
3.28
4.04
16.00
15.75
15.04
13.09
7.62
4.55
14.66
3.04
15.01
4.28
1.93
7.26
2.08
0.48
12.98
9.26
5.19
5.64
9.09
11.96
7.84
9.92
8.38
15.93
10.57
2.39
9.93
15.01
7.29
11.37
2.82
2.00
4.34
15.44
14.95
11.30
8.30
13.05
2.37
2.03
4.38
5.60
8.15
10.03
8.71
9.97
4.04
9.91
1.24
14.46
5.20
12.29
9.40
7.21
14.38
4.02
15.85
10.24
3.80
8.39
13.94
2.80
13.03
8.00
12.17
0.20
16.03
1.10
11.46
15.20
13.16
9.42
14.56
4.75
12.92
10.04
10.27
2.89
9.14
12.21
11.56
0.42
0.43
1.79
4.52
11.39
12.53
15.48
6.49
14.28
7.36
4.24
6.20
13.48
10.28
11.12
8.29
14.10
4.86
9.65
1.30
14.46
4.54
4.42
10.73
6.42
1.88
5.21
1.10
5.78
1.52
13.43
10.14
9.38
3.02
13.81
3.83
16.37
0.89
13.83
4.17
0.92
10.51
6.30
14.17
4.20
10.05
6.47
4.14
15.03
6.18
4.17
15.32
14.93
16.08
1.37
12.22
5.81
14.49
10.96
2.75
0.67
10.42
2.73
7.26
5.14
8.90
2.63
10.38
4.99
15.26
9.53
8.88
11.15
4.60
10.73
11.33
8.68
1.63
9.07
12.35
1.97
10.61
0.24
12.03
1.85
5.97
7.16
12.57
0.93
9.59
6.84
13.56
10.68
7.99
2.30
12.10
11.76
7.99
2.90
4.83
10.20
8.72
1.85
2.67
0.24
12.99
12.65
2.67
0.12
6.91
6.42
9.48
13.21
5.63
6.65
2.81
9.40
13.62
4.58
14.09
10.91
0.63
9.56
9.44
1.19
11.61
15.18
4.79
13.83
13.90
8.66
3.40
1.80
5.10
2.99
14.72
2.03
0.38
11.31
6.66
11.26
13.34
12.38
0.52
1.41
2.10
9.30
13.48
0.17
13.24
13.62
0.25
3.19
16.17
0.68
15.50
5.22
8.93
9.07
4.83
4.64
14.68
11.47
5.37
3.38
5.64
1.22
12.33
2.63
1.95
3.68
11.66
10.18
15.59
10.47
10.39
14.89
14.66
16.31
1.25
1.71
14.62
7.24
3.24
12.52
2.43
6.83
8.18
13.96
10.94
1.49
12.24
6.31
8.14
9.12
1.21
1.81
3.49
5.80
9.95
11.90
3.60
14.62
9.57
13.59
15.88
11.70
14.92
11.57
5.34
15.28
5.48
11.91
1.49
14.33
8.52
4.99
10.41
5.03
1.89
8.66
12.65
4.16
1.84
5.67
12.57
8.02
14.32
3.91
14.43
0.26
13.69
8.82
15.80
2.47
12.15
13.10
10.44
3.53
0.68
10.61
13.80
6.76
1.99
10.32
6.82
11.78
10.47
7.67
11.03
2.20
11.45
15.02
15.31
10.69
10.32
10.01
13.40
1.59
15.36
3.97
5.17
9.35
5.90
1.12
14.10
4.69
15.22
4.30
10.44
12.33
3.67
12.44
10.51
12.55
6.79
11.04
2.14
3.81
12.94
11.27
13.21
7.30
4.02
7.45
16.29
3.79
4.97
11.70
9.24
14.17
4.94
5.00
5.90
13.68
15.50
2.07
6.25
3.46
11.74
4.15
13.27
9.64
9.87
7.02
9.74
6.83
10.98
12.74
12.47
0.92
4.05
9.26
13.65
13.85
4.34
5.62
11.11
14.10
10.15
8.65
10.68
3.88
9.06
16.17
15.01
13.61
13.31
0.43
9.94
8.25
12.45
4.65
14.22
15.56
13.72
4.69
14.57
6.75
14.68
0.26
7.87
7.43
5.40
15.07
13.43
12.82
9.49
13.79
10.70
11.89
3.14
5.75
2.47
10.82
2.67
6.26
16.34
14.02
2.99
13.22
4.09
2.32
10.05
10.30
10.19
7.73
12.75
12.32
16.09
7.55
2.93
4.58
7.08
11.80
7.46
0.74
8.18
9.68
14.93
10.77
3.99
8.46
7.79
15.70
11.02
9.43
10.16
3.22
6.97
1.88
10.88
15.27
12.24
15.78
7.08
6.85
15.29
3.93
10.14
15.24
0.82
5.29
3.62
8.84
0.94
1.06
3.81
2.56
9.95
14.76
11.44
11.20
8.80
7.34
9.97
8.62
5.59
14.51
3.31
5.82
8.63
15.25
10.77
7.23
10.23
5.32
14.93
0.21
2.17
14.85
15.63
2.61
10.89
9.28
4.09
13.72
7.83
14.33
13.65
2.65
10.44
11.81
7.98
10.95
13.88
3.92
4.99
0.87
11.08
14.16
2.08
2.86
2.48
2.81
16.04
12.25
13.87
5.73
16.24
6.07
12.27
11.05
3.45
7.69
1.03
4.57
5.28
7.93
4.36
10.86
8.75
11.59
15.07
13.00
8.40
13.04
15.70
13.85
4.54
8.75
8.20
9.25
10.54
10.83
0.68
0.25
9.64
7.18
6.17
15.10
13.40
6.39
12.49
0.26
11.59
3.59
6.75
14.03
14.13
9.83
14.88
9.79
1.11
5.52
2.55
8.62
7.62
0.52
9.55
15.38
7.83
13.71
11.55
9.98
9.90
3.81
15.70
3.30
12.99
6.45
5.15
15.94
4.38
8.67
11.14
14.97
14.67
12.38
11.38
12.79
6.91
5.82
11.10
16.04
9.36
12.14
6.87
2.76
13.62
3.08
6.45
8.95
5.43
4.97
15.05
0.79
11.15
5.42
6.22
7.88
10.49
2.48
16.18
14.90
6.82
5.91
3.51
0.86
9.92
15.60
4.48
15.32
9.32
11.93
14.76
8.49
6.86
3.53
7.60
1.12
12.78
3.21
0.43
4.41
7.76
13.19
5.46
10.24
7.63
1.38
5.16
7.85
12.29
14.55
6.92
9.40
3.54
15.52
10.16
14.55
4.92
1.20
13.60
4.45
4.90
12.84
14.13
9.11
3.08
2.34
2.55
4.29
10.99
8.59
8.37
10.21
2.52
0.74
2.09
12.17
7.45
0.59
9.45
2.53
2.49
10.03
9.25
15.86
0.61
8.61
11.84
9.53
2.09
4.11
6.74
11.16
13.33
5.89
1.42
15.08
9.02
7.50
3.84
12.98
1.54
0.62
15.99
3.57
12.42
0.06
6.41
0.22
14.57
14.32
5.99
14.10
2.96
11.58
10.81
10.85
14.97
14.78
8.88
12.00
15.60
13.77
8.98
13.45
9.24
8.27
10.85
12.80
1.15
0.00
1.49
0.20
10.43
4.81
11.23
6.58
9.03
2.51
8.31
5.86
6.91
9.83
1.02
10.66
7.97
3.98
4.43
10.96
3.08
8.50
12.07
15.88
10.15
1.58
5.05
6.91
0.57
13.69
6.33
4.18
5.60
8.48
8.78
1.27
14.00
8.15
6.36
8.56
3.11
15.05
10.17
2.24
10.06
12.15
14.67
6.58
12.93
1.63
4.53
13.03
4.70
11.44
1.40
2.38
0.62
5.63
8.03
12.77
0.38
11.85
1.60
6.54
1.93
11.15
8.39
1.51
11.22
15.60
0.81
6.69
9.05
2.85
13.31
15.08
4.47
7.46
4.66
7.28
8.69
3.24
12.19
11.58
15.94
0.94
11.95
7.99
15.11
8.79
11.38
15.78
8.44
15.97
16.07
0.38
12.80
14.65
7.72
3.65
9.41
9.30
2.35
7.79
2.03
12.75
6.96
6.98
1.61
10.58
4.45
12.38
11.10
11.95
14.36
15.48
2.51
5.61
1.05
4.84
11.90
12.85
3.89
9.81
10.38
5.23
4.12
4.03
11.60
5.28
8.57
5.21
3.90
3.68
12.15
0.24
14.16
8.49
9.73
9.54
11.40
1.34
5.58
8.62
1.59
8.88
1.68
9.07
15.48
3.78
15.98
15.33
2.95
6.21
15.43
9.74
12.91
7.71
0.22
3.85
8.96
2.27
1.91
14.41
3.78
9.64
3.44
12.92
12.17
6.45
12.41
1.70
11.57
0.61
10.42
11.36
6.52
8.19
13.78
10.08
1.42
3.02
6.03
9.92
2.80
10.96
10.08
6.21
1.58
4.41
15.11
15.65
13.70
6.30
0.23
6.33
15.17
3.79
14.91
2.69
5.08
8.93
0.80
3.29
12.87
12.62
15.50
5.37
2.40
12.40
15.52
13.68
11.52
15.74
4.79
10.29
7.48
3.62
2.93
8.77
2.74
14.04
15.03
11.31
3.44
7.73
7.19
15.27
0.24
14.22
8.58
6.66
3.30
5.76
3.02
3.48
5.14
8.37
15.49
16.20
15.12
6.26
13.70
2.27
8.26
16.00
5.58
8.52
10.11
1.38
12.33
4.04
9.12
9.44
12.86
1.51
10.88
3.66
5.38
6.06
2.54
5.78
4.24
9.28
5.70
10.31
3.39
0.50
2.65
8.88
0.23
6.41
5.89
3.64
10.43
12.97
10.42
0.64
5.67
11.54
6.92
8.73
5.93
5.64
0.43
7.95
5.33
2.95
13.04
9.50
12.17
2.48
1.25
12.65
8.57
3.58
5.53
8.94
11.12
11.53
7.16
5.85
4.70
1.30
8.20
1.53
11.12
2.48
10.67
9.79
1.09
10.48
4.87
14.98
1.21
0.08
4.65
9.66
2.59
14.42
13.85
0.25
9.46
15.12
15.44
2.08
11.10
12.08
3.99
13.76
11.73
9.04
11.31
6.33
6.59
2.81
4.05
3.70
8.52
14.85
7.87
6.19
15.25
7.81
15.66
13.77
0.96
9.56
8.56
8.83
14.13
6.93
10.53
8.25
0.77
0.21
10.15
4.52
1.19
14.06
16.03
1.83
9.61
14.68
4.83
2.82
5.32
6.69
3.38
7.19
12.10
13.85
11.71
2.66
7.46
1.88
13.10
1.35
14.90
13.38
15.13
1.26
13.15
1.58
7.42
2.25
5.31
4.43
3.01
8.74
12.83
1.58
2.93
3.88
13.12
2.89
9.95
9.43
3.85
8.98
12.79
6.82
10.47
10.59
1.22
15.72
8.06
2.67
6.50
0.66
12.80
5.69
6.29
15.13
5.77
0.90
4.39
3.28
6.64
15.45
16.31
13.88
8.80
10.93
2.06
7.61
4.47
8.61
11.01
9.37
12.49
6.44
15.69
13.89
7.91
4.60
15.63
6.60
2.21
1.59
15.74
8.75
8.68
8.78
1.52
14.94
6.97
10.53
12.69
11.88
13.45
12.67
16.35
0.74
1.83
7.32
12.20
0.64
6.78
3.30
4.28
9.28
12.78
3.79
2.68
13.43
8.96
1.94
10.31
11.14
2.47
7.26
10.72
0.25
0.19
7.75
10.32
7.87
9.68
14.37
7.61
10.59
3.88
14.36
3.54
9.05
3.50
15.21
13.50
5.21
11.32
8.49
4.71
14.41
9.64
8.39
7.12
1.68
5.15
6.29
14.26
14.99
8.25
14.23
7.93
3.32
4.21
12.23
3.00
12.57
0.40
11.85
15.75
9.63
10.83
15.93
13.40
15.32
6.66
7.48
8.97
7.91
12.80
12.23
10.29
15.13
10.71
12.31
7.42
8.53
13.52
6.37
0.79
6.99
3.28
9.82
2.67
5.20
9.18
4.21
7.32
1.14
5.53
3.33
2.38
4.94
7.76
2.80
12.84
7.28
2.54
13.02
0.16
13.25
2.74
5.85
15.93
11.47
6.75
12.13
13.11
11.66
4.81
8.73
14.38
0.71
1.44
0.33
11.46
9.48
15.95
14.69
1.40
4.04
7.15
5.05
10.20
2.32
9.05
7.74
0.06
5.75
10.48
1.82
6.99
5.65
15.52
3.88
6.62
5.78
7.61
12.81
12.46
3.87
14.43
8.47
10.73
8.51
7.18
7.89
6.24
11.16
10.45
14.82
5.26
4.54
12.69
7.99
3.67
11.19
10.58
15.58
3.38
10.50
6.54
11.82
3.65
7.92
0.38
2.05
13.12
0.33
3.50
0.18
13.62
4.10
15.46
0.09
7.21
2.78
5.99
2.27
1.05
9.47
7.36
6.26
1.19
15.00
5.92
11.81
6.19
9.18
0.36
1.12
4.36
12.57
10.98
10.79
2.50
0.27
2.91
10.85
9.94
13.96
11.35
6.91
8.15
15.49
11.06
0.10
2.04
0.77
8.94
1.05
0.26
16.05
3.08
14.56
15.74
14.38
6.29
3.36
15.59
14.45
3.31
7.61
0.10
11.14
9.82
1.91
13.21
6.55
6.13
9.45
14.95
0.69
10.45
1.31
9.17
7.20
12.89
8.82
12.76
5.37
1.40
15.50
15.12
13.28
7.32
1.58
15.19
10.83
15.11
15.37
11.07
1.06
13.09
12.76
4.59
7.82
11.09
0.86
5.78
13.60
10.90
8.09
9.55
0.28
9.54
10.08
15.36
2.36
0.77
1.64
14.03
3.17
15.93
14.06
6.60
6.86
14.23
7.56
11.33
7.52
5.44
8.78
8.39
9.53
11.76
4.99
15.78
10.74
9.19
11.76
4.76
10.18
8.74
5.43
2.75
6.92
12.56
6.52
1.68
5.23
3.42
5.39
11.56
4.37
13.44
6.72
2.42
2.64
0.81
12.31
6.23
6.86
7.09
7.74
3.09
11.20
1.12
4.29
2.25
13.58
1.67
13.96
11.97
7.61
10.23
1.53
4.89
2.74
8.67
4.48
1.10
1.12
9.46
15.65
1.86
1.67
4.69
10.12
14.86
2.29
8.38
10.90
14.90
4.56
6.66
6.16
6.19
7.63
15.76
10.26
1.74
14.04
5.54
10.46
15.58
11.12
13.72
1.05
8.37
5.17
7.82
3.93
3.23
14.63
4.36
13.20
7.48
1.19
12.56
1.63
6.05
14.79
14.80
8.20
10.03
2.30
10.99
2.06
9.94
3.53
15.34
1.10
11.67
16.18
0.63
16.08
2.57
10.59
0.81
10.32
11.84
2.91
2.54
3.63
0.86
4.08
5.19
1.86
4.16
0.75
4.85
3.77
1.29
11.34
0.59
7.58
12.71
12.58
8.92
4.49
14.24
7.68
11.30
10.90
6.29
9.35
3.05
5.81
11.98
15.27
9.76
5.50
2.75
15.75
8.77
7.36
6.27
7.28
11.13
2.36
12.39
1.17
11.65
14.06
11.71
15.76
14.86
2.44
2.97
6.71
2.21
13.37
6.50
10.88
11.47
1.65
15.63
1.63
8.94
8.85
11.71
7.07
4.19
5.78
14.17
13.43
10.61
14.19
9.11
11.94
10.46
2.45
15.31
12.78
15.17
3.20
13.55
12.63
2.49
3.42
1.68
12.91
7.99
1.71
5.54
11.11
1.22
11.73
4.06
1.16
9.52
10.27
14.07
13.93
10.60
4.91
2.65
9.28
12.26
9.33
1.30
8.11
9.30
15.78
0.98
7.20
0.39
14.94
14.57
15.51
0.11
5.02
7.46
11.51
15.76
13.56
0.39
0.91
1.70
4.91
10.73
7.23
13.51
2.36
4.85
11.93
1.15
5.10
14.48
0.42
0.85
11.42
8.87
1.30
7.39
12.68
11.58
4.61
12.14
0.19
3.36
5.41
15.98
0.83
15.30
15.56
13.57
9.81
12.55
2.40
12.81
12.89
7.18
11.89
12.59
9.24
2.97
16.16
9.65
8.90
6.34
11.93
0.80
3.01
5.14
8.35
9.66
0.99
6.16
10.95
13.07
3.51
8.85
12.39
7.56
6.06
13.44
3.94
5.02
12.68
8.99
15.58
2.72
9.71
15.51
9.88
14.02
1.60
14.92
10.85
6.91
5.43
3.44
10.01
7.85
9.01
6.88
15.82
1.81
15.91
12.52
5.21
2.03
2.54
10.87
15.15
2.35
14.50
0.23
5.19
5.61
15.48
5.08
1.06
2.24
3.99
15.77
10.95
0.41
11.73
3.75
10.16
5.73
6.07
13.36
4.50
6.63
15.25
11.39
4.23
0.44
10.06
6.20
4.76
15.95
1.27
2.29
6.89
8.88
9.07
2.63
9.28
3.58
0.24
7.67
13.12
3.68
5.34
16.13
14.40
5.12
2.85
13.53
5.35
8.26
11.11
14.31
1.34
9.11
10.30
9.49
11.57
10.30
3.95
8.59
9.33
6.91
7.87
15.38
9.49
10.64
11.53
9.45
0.36
7.02
15.67
9.17
9.41
15.49
9.78
2.97
11.70
14.03
5.86
10.00
10.92
7.32
0.51
4.13
6.95
12.83
2.66
8.40
13.85
11.22
8.34
15.47
10.67
5.78
5.81
10.03
7.67
10.98
5.99
16.35
11.36
0.23
5.42
13.52
14.03
5.92
15.96
13.45
11.18
4.31
10.77
4.42
16.05
0.92
5.86
6.83
2.33
2.65
13.10
6.70
7.81
9.75
2.92
10.01
15.97
8.65
0.58
15.17
11.16
9.35
2.90
0.52
5.99
0.92
13.20
6.65
11.05
0.33
15.78
8.58
0.46
0.32
8.08
2.71
13.66
11.33
12.19
4.38
10.76
6.20
3.90
7.20
11.44
6.61
9.20
3.75
12.12
13.21
14.97
11.17
4.02
6.98
9.84
14.22
13.69
7.89
9.60
9.97
1.75
11.83
6.91
15.67
1.09
13.89
6.41
1.90
4.61
1.79
13.81
10.40
1.15
11.54
12.61
8.43
14.49
7.80
14.58
10.50
10.06
13.93
1.11
7.44
11.82
0.25
11.55
3.78
4.77
13.45
8.66
9.94
2.09
12.56
15.59
14.76
1.92
8.89
3.88
10.12
13.31
2.68
11.10
13.26
4.99
5.78
15.44
6.63
6.15
2.53
15.10
14.30
7.82
6.61
1.69
13.45
10.24
2.95
9.37
8.00
9.09
10.68
9.11
10.28
2.24
14.91
15.04
15.85
8.88
6.37
3.62
16.10
8.02
9.06
4.95
11.92
15.52
0.82
13.28
13.88
1.73
13.35
6.01
2.83
4.92
5.28
15.05
8.56
6.50
9.11
15.17
0.40
14.36
14.40
13.90
14.25
3.44
5.49
4.32
8.72
9.31
11.28
8.13
9.59
11.20
15.48
13.99
6.67
1.04
5.15
11.06
2.52
4.90
1.05
10.41
10.46
14.34
12.42
3.55
8.25
8.26
12.60
7.81
15.37
8.72
10.06
4.18
8.53
13.43
4.60
14.42
15.74
7.74
2.41
16.14
7.39
15.90
6.01
3.85
12.74
7.34
3.57
6.51
10.61
8.24
9.41
13.27
5.56
7.50
14.51
8.25
15.66
8.24
10.75
4.81
10.71
1.15
6.30
9.66
2.88
5.38
0.76
1.11
8.58
13.93
16.06
1.18
11.61
11.79
13.72
12.24
13.71
0.32
13.10
14.19
13.62
6.36
8.27
6.95
6.40
4.65
12.82
14.72
11.11
8.69
4.27
15.84
10.94
0.63
15.09
2.85
1.38
4.67
13.92
0.12
3.01
16.29
11.23
7.59
1.24
14.64
1.33
14.92
8.60
1.57
16.05
0.58
14.14
15.81
0.80
7.71
7.47
5.98
3.18
3.04
14.49
13.60
11.28
12.11
6.81
3.46
0.36
13.37
5.36
6.78
0.53
12.91
5.68
14.93
12.33
15.26
12.26
1.10
2.37
4.61
5.72
15.65
15.94
9.61
3.54
2.23
9.21
12.45
12.72
4.72
8.61
2.26
1.48
8.20
6.22
5.69
12.85
11.97
7.64
8.30
14.84
9.49
14.86
11.91
10.65
13.09
4.89
15.91
13.71
14.54
13.03
14.46
3.52
6.64
1.35
7.49
14.10
9.05
8.02
6.33
0.05
14.92
14.39
0.24
0.33
2.07
6.11
4.78
7.61
10.79
7.73
11.93
7.55
0.93
16.36
4.58
9.97
0.92
1.92
9.70
9.56
1.76
9.98
11.86
13.45
8.98
8.53
7.82
13.76
15.21
14.19
12.89
3.19
16.07
2.00
4.92
12.29
15.35
7.36
12.89
1.43
0.77
15.44
15.11
13.17
2.61
15.17
6.91
14.26
9.76
15.53
10.90
7.52
15.53
11.73
2.76
4.12
4.45
1.73
0.92
14.91
0.60
6.51
1.33
9.59
1.14
9.19
2.55
9.86
0.11
5.22
5.04
14.61
0.53
7.74
3.13
6.75
14.24
1.27
13.22
11.28
8.78
6.68
8.44
13.75
8.89
5.67
10.68
12.19
5.25
10.97
7.50
9.76
1.09
15.28
0.62
4.60
16.37
2.19
14.03
6.39
4.10
5.03
13.30
14.84
7.97
1.04
7.26
12.54
0.62
10.32
6.49
8.45
12.53
6.57
1.89
1.58
14.75
0.37
8.93
14.80
3.66
1.88
2.06
8.80
14.51
4.77
13.91
7.95
13.49
9.30
6.18
15.90
2.71
5.97
11.25
8.37
3.66
11.17
8.63
7.84
1.88
2.99
13.82
0.53
0.96
1.61
5.42
14.30
7.90
2.45
5.92
9.26
0.22
7.54
13.62
11.87
8.81
14.02
2.42
16.26
3.60
10.57
12.59
6.02
5.39
3.83
4.61
3.31
4.43
15.11
14.30
5.30
12.39
3.84
9.36
10.42
14.98
15.35
3.58
10.69
8.75
4.62
5.49
1.37
0.48
13.95
15.29
13.32
8.03
7.22
2.46
8.10
6.17
6.46
6.89
13.54
15.61
12.99
12.89
4.99
2.67
15.73
3.83
9.73
6.30
11.53
0.49
10.74
3.95
3.89
8.27
12.86
3.48
11.22
14.72
4.83
3.39
8.60
14.11
2.16
8.96
9.83
5.30
15.30
4.61
10.92
0.33
7.93
12.48
2.25
11.97
6.64
9.42
14.50
3.76
4.30
9.28
7.59
2.66
16.37
11.45
14.18
12.15
5.98
6.24
14.56
3.70
5.58
11.74
8.50
0.31
8.62
12.57
2.43
2.57
7.19
11.05
7.08
8.88
10.14
14.32
8.12
3.62
0.72
0.80
0.38
14.17
9.01
11.33
13.58
7.61
7.98
2.22
10.89
9.90
9.05
15.89
13.97
6.19
5.75
14.76
5.60
11.03
12.12
0.50
7.91
10.54
15.98
9.86
13.39
4.42
15.64
9.35
12.03
12.03
6.20
11.94
16.33
3.69
12.76
13.84
10.35
7.58
11.93
8.09
9.06
1.87
7.03
3.00
14.68
0.21
5.89
13.69
0.50
0.86
11.19
16.21
3.44
9.19
4.01
11.56
3.55
3.06
3.20
0.35
15.54
9.18
0.51
14.07
7.67
1.84
11.04
4.63
4.33
1.29
2.06
3.42
3.37
14.60
7.60
13.12
13.04
4.61
15.59
11.94
4.40
7.01
13.46
6.70
3.15
9.71
11.39
10.41
0.57
1.86
7.56
3.20
4.98
1.93
4.13
8.69
9.21
6.72
6.60
11.96
3.10
11.33
15.75
2.75
5.59
2.00
4.88
9.56
4.50
5.56
6.15
9.39
2.07
5.79
15.01
11.89
6.70
15.07
10.91
4.19
12.56
4.08
15.46
11.34
8.04
2.76
7.40
4.97
0.36
13.64
9.42
0.02
9.55
13.02
7.94
16.18
12.81
9.34
4.24
6.43
9.74
10.80
0.24
12.19
3.97
8.18
10.07
7.59
10.50
12.02
4.47
15.03
2.80
15.28
6.15
13.60
0.41
9.84
8.97
4.71
7.68
14.04
7.62
5.84
2.98
6.67
8.44
6.99
6.64
14.63
1.30
13.59
3.08
8.27
5.39
2.56
11.13
6.22
10.11
10.67
3.16
12.69
11.21
12.74
11.81
14.60
14.68
8.45
6.96
7.53
11.28
9.11
7.19
3.37
3.13
10.26
9.82
5.38
8.09
4.22
9.25
15.20
14.78
10.75
1.34
13.00
1.55
11.47
9.11
13.85
8.00
4.24
4.65
5.05
2.96
16.20
6.34
3.30
11.84
3.19
14.52
12.88
11.63
7.26
3.18
16.15
3.90
10.95
1.54
13.22
3.38
13.28
8.05
3.46
8.54
2.60
0.93
11.99
3.21
8.77
11.95
12.96
4.12
0.92
13.78
2.38
3.44
1.22
14.80
8.84
2.19
3.13
11.01
12.31
10.88
10.27
12.16
0.99
1.77
8.26
10.59
4.09
4.67
9.26
0.46
4.94
13.51
0.01
13.04
5.92
13.72
4.93
6.31
4.13
10.08
9.02
10.12
7.07
8.64
10.76
7.60
14.14
9.97
3.96
3.39
6.06
13.61
9.62
9.60
11.68
11.32
7.53
9.41
4.96
3.38
3.09
3.55
13.31
4.49
12.80
13.88
2.58
11.22
3.13
6.25
16.27
11.50
2.22
1.58
2.06
12.23
10.71
9.01
15.13
12.85
13.96
16.33
1.18
3.15
7.82
2.01
5.36
7.65
2.06
6.50
10.60
4.46
8.72
0.57
1.75
9.76
6.57
3.39
3.37
14.05
14.98
1.04
13.98
7.24
6.38
15.98
6.19
5.70
14.30
6.91
9.62
4.46
14.97
2.87
4.47
9.08
12.26
8.62
11.43
14.97
0.81
0.77
10.11
8.83
1.79
3.87
0.45
2.06
1.84
10.16
3.86
15.22
3.76
13.13
13.55
11.28
3.94
8.58
13.36
15.41
14.10
12.50
13.14
8.81
9.20
14.58
6.32
5.60
6.61
6.58
1.57
10.13
11.01
14.85
8.29
2.26
12.93
6.53
5.30
14.82
6.49
4.73
14.41
7.02
2.21
13.06
0.46
14.68
13.82
0.93
2.00
6.33
13.30
10.91
15.27
2.82
11.13
8.90
14.92
11.31
10.69
6.90
7.11
0.41
15.89
8.59
0.89
14.19
9.50
0.39
4.66
1.12
6.13
5.03
14.77
12.96
0.04
1.39
12.33
2.01
9.31
9.23
14.72
16.24
15.81
10.49
2.84
7.16
6.52
10.14
7.93
10.29
4.39
10.02
10.48
4.56
15.12
13.51
5.38
6.23
0.08
16.03
8.65
13.06
4.66
10.55
9.99
0.79
15.50
1.75
6.75
3.44
15.26
3.54
0.06
6.39
13.46
2.23
5.62
7.22
12.24
7.20
2.40
6.92
14.17
4.16
1.75
6.79
3.71
9.39
10.32
5.71
15.99
6.37
12.09
12.92
8.21
13.33
7.43
12.11
14.64
5.77
5.44
6.05
9.12
11.81
15.83
3.81
14.02
5.61
0.38
15.43
4.75
15.37
1.75
9.99
1.22
15.24
3.54
13.82
0.27
14.46
11.11
10.16
10.14
8.31
9.11
3.25
1.75
4.41
0.12
15.55
9.02
10.38
9.72
10.45
3.21
6.11
10.06
10.15
2.34
0.08
15.79
0.08
2.98
4.28
7.03
0.09
1.60
4.81
11.47
2.30
8.41
4.92
4.24
13.87
14.56
10.65
6.45
2.30
2.59
12.49
11.27
7.61
7.34
11.37
8.05
11.05
7.59
15.18
14.67
3.06
10.90
0.64
4.09
9.21
14.26
13.51
15.07
9.25
10.45
10.79
12.02
16.37
12.28
13.61
6.27
15.35
15.28
3.68
4.11
10.52
2.14
3.79
4.12
7.24
9.49
10.64
2.75
6.63
13.76
11.91
12.80
6.03
13.82
4.54
13.17
7.00
6.01
4.89
1.05
0.63
1.94
0.94
0.82
14.34
11.23
5.02
1.37
9.56
15.31
13.61
14.84
6.61
12.49
0.21
3.74
9.36
5.22
9.55
13.22
13.03
10.43
10.85
9.98
3.36
9.08
9.29
3.77
1.98
1.11
13.61
0.57
11.39
7.83
2.91
9.19
16.28
11.18
5.86
5.26
7.38
5.71
8.47
4.96
11.37
10.23
0.58
3.39
12.83
0.12
3.99
10.91
14.78
11.57
5.34
2.78
6.01
2.57
5.06
9.04
0.84
1.12
4.23
14.48
14.10
15.02
3.33
10.23
0.40
8.11
15.32
8.79
2.57
14.20
12.84
8.62
1.39
15.40
10.90
12.20
9.65
2.05
12.41
14.87
16.36
7.68
0.15
12.65
12.40
9.31
12.54
13.72
3.22
6.57
14.29
10.25
13.07
4.87
14.60
7.49
12.68
2.05
6.44
1.14
1.02
11.01
16.32
11.74
8.39
13.94
12.66
2.39
10.03
8.60
5.86
2.87
0.57
3.37
10.73
6.98
2.66
3.44
10.91
6.21
12.50
8.60
15.13
10.38
8.77
11.52
5.21
9.85
5.02
5.09
14.19
13.95
10.64
2.78
15.49
15.95
2.75
13.00
11.45
8.09
6.19
0.36
15.77
1.79
15.38
7.67
1.09
0.60
5.68
15.76
15.36
1.87
12.66
8.94
6.94
10.69
9.24
8.18
2.13
3.40
12.16
13.26
10.97
11.19
6.79
7.47
5.50
8.55
3.16
15.28
2.50
13.71
12.53
7.60
12.33
7.08
8.50
7.88
14.19
1.13
16.11
10.92
7.86
14.79
14.12
5.19
10.85
3.56
3.42
14.95
1.70
8.55
3.14
14.52
6.07
2.69
3.11
7.51
7.91
8.59
8.44
16.10
13.99
7.03
8.22
7.64
7.56
4.20
2.02
4.51
8.44
12.35
7.86
13.52
1.26
2.73
3.87
0.88
8.34
10.97
5.69
2.56
9.32
11.97
1.04
12.54
13.41
11.56
10.22
11.28
8.31
4.88
0.81
7.36
9.11
9.65
6.64
6.97
14.15
6.23
10.44
6.32
16.33
14.45
5.34
15.35
9.04
0.83
2.04
5.54
11.83
0.35
11.57
12.53
2.32
13.21
1.10
6.05
7.24
10.11
13.48
0.14
12.84
4.92
12.10
13.41
13.73
7.91
5.97
0.21
10.94
16.30
6.50
11.34
9.46
11.64
6.81
7.85
14.49
7.81
8.13
14.35
14.41
8.96
7.72
7.24
0.82
9.21
1.64
0.76
0.06
10.86
2.46
2.18
14.28
5.56
3.65
8.37
1.05
3.42
3.30
11.96
10.19
12.24
5.26
9.64
11.17
2.12
15.37
5.91
15.45
1.95
0.10
1.99
13.84
12.58
7.30
2.48
14.81
0.14
12.84
12.82
14.18
6.78
11.52
10.99
4.29
6.62
13.22
11.94
13.57
14.01
6.77
10.93
5.82
1.10
15.12
7.50
11.37
2.14
5.40
6.06
13.70
6.63
12.01
15.08
10.52
0.93
10.73
7.09
8.01
13.70
2.14
12.37
2.79
13.47
12.39
12.24
14.40
10.92
3.05
12.68
11.07
1.28
12.78
0.20
15.84
1.21
0.61
5.91
4.84
7.92
2.22
16.01
12.36
7.58
11.29
10.42
10.86
14.03
1.21
10.74
8.48
4.64
2.96
10.03
8.67
7.95
14.19
5.56
5.39
7.56
6.43
6.71
1.71
12.25
3.74
0.61
7.97
12.44
1.33
7.15
15.79
5.31
11.14
10.51
0.31
3.99
15.88
12.80
15.53
12.92
11.75
4.14
7.79
11.43
8.68
16.14
13.66
13.17
10.62
5.54
14.55
14.32
13.41
4.13
3.97
12.77
8.11
3.94
14.79
6.72
15.65
9.76
3.55
8.62
9.84
15.16
7.51
7.60
0.93
15.45
13.03
14.44
8.68
6.07
10.25
10.58
14.45
5.42
2.82
16.08
6.01
5.26
14.59
9.34
9.45
2.78
7.49
15.24
15.33
7.49
4.75
10.38
12.24
9.89
15.65
15.63
9.06
1.48
6.50
5.59
8.16
6.06
9.72
8.97
13.95
0.80
14.78
15.16
4.74
1.14
15.56
9.86
3.53
1.31
13.43
0.20
7.24
0.57
7.84
7.98
5.15
16.36
8.37
5.39
1.80
6.70
1.01
0.64
8.88
16.26
15.93
6.86
12.69
0.99
13.70
8.80
9.19
7.63
6.22
7.11
3.11
14.99
7.41
0.33
3.88
15.69
0.70
15.57
2.48
3.58
4.32
4.72
1.16
3.06
0.28
14.84
5.57
12.37
11.82
8.44
4.60
12.23
12.15
16.07
11.09
12.54
2.95
15.90
12.97
3.39
14.16
8.02
3.74
5.06
4.93
11.31
13.81
1.91
3.29
2.54
3.52
4.33
1.92
10.00
10.43
6.84
11.12
0.17
8.69
7.88
7.66
14.65
14.40
11.63
14.91
12.01
0.04
8.44
8.98
13.17
7.33
4.61
6.63
5.09
8.03
13.21
7.98
5.79
11.55
13.92
13.33
3.66
11.11
8.12
13.09
2.71
7.97
9.90
9.29
0.92
8.36
5.58
14.78
15.76
5.87
14.61
2.07
4.64
8.82
10.77
7.24
2.77
15.87
9.10
8.77
9.94
0.12
1.51
8.07
0.50
10.30
0.23
5.74
14.92
8.78
2.57
11.37
10.71
11.90
5.13
14.47
1.59
4.40
15.63
2.28
0.30
14.10
7.52
8.01
8.01
9.76
3.35
3.28
4.29
14.24
4.17
6.64
10.54
6.44
13.44
1.85
3.74
10.18
3.51
7.96
0.57
6.33
9.79
12.95
11.10
5.95
4.04
12.95
6.94
3.94
0.99
3.75
4.63
11.37
6.49
10.93
2.70
6.83
6.74
10.85
16.16
12.88
0.10
11.31
10.84
6.23
11.16
9.25
13.98
4.63
16.08
4.62
11.40
3.62
15.02
9.64
7.18
3.38
14.06
13.16
10.12
5.03
6.15
14.80
1.27
7.37
14.37
1.11
2.69
10.02
13.51
12.60
1.06
14.95
2.07
15.90
9.89
11.10
14.95
8.89
11.36
5.29
5.16
3.94
2.80
9.44
10.23
13.51
16.18
16.20
0.42
1.19
9.19
5.60
12.62
1.29
6.15
10.07
2.09
8.15
12.58
14.33
13.62
12.52
10.82
16.12
12.65
4.75
0.05
9.73
1.06
13.51
14.78
7.67
12.70
10.35
5.57
10.87
14.08
1.83
15.17
11.01
4.46
11.62
6.95
13.36
0.01
2.22
9.87
1.68
7.08
8.79
15.81
5.17
8.47
5.90
14.27
1.16
11.67
1.45
13.53
3.55
4.84
1.30
3.20
7.78
14.13
10.79
15.59
6.43
6.22
5.11
4.21
1.32
10.18
4.82
1.83
14.60
9.47
5.81
12.27
11.15
14.68
9.63
10.12
1.40
4.59
3.42
14.01
13.09
4.12
11.42
7.76
9.39
0.87
6.18
8.83
7.52
2.36
4.28
6.21
3.39
16.03
14.18
0.79
6.04
13.93
8.31
8.92
12.99
9.09
1.35
0.05
0.43
8.70
0.62
4.61
12.93
10.17
5.43
14.35
11.90
2.18
12.52
12.14
11.12
13.78
11.23
6.35
7.03
8.24
3.20
11.08
1.21
15.04
14.68
13.02
13.58
3.78
13.77
5.71
8.95
0.54
3.30
12.67
9.29
8.13
5.47
1.90
6.06
5.85
3.11
16.30
0.58
7.62
14.72
3.38
6.56
15.06
11.16
12.59
14.77
5.74
5.84
9.69
3.36
2.86
3.16
11.61
14.89
1.77
9.18
11.20
3.47
2.16
16.27
10.00
7.95
15.37
9.44
4.07
10.81
4.35
1.85
8.43
2.97
8.30
4.10
12.87
4.40
1.92
15.37
6.04
5.47
5.13
13.89
10.94
13.86
2.52
10.77
4.17
1.14
7.66
15.29
3.63
8.21
14.85
9.46
13.37
1.83
8.18
0.96
4.40
7.12
1.41
3.62
10.37
10.00
6.79
5.49
7.90
10.88
10.80
5.99
9.57
10.91
15.61
9.47
5.35
6.63
8.82
1.35
12.72
9.32
4.07
2.79
16.10
7.12
0.94
6.70
4.51
4.07
9.48
9.82
7.60
1.91
13.67
6.73
16.02
4.97
13.19
7.70
1.32
4.13
4.39
5.96
1.17
14.86
15.70
13.08
11.71
13.26
10.11
13.35
5.82
14.44
4.60
8.06
12.52
15.10
3.77
0.09
2.93
9.63
5.20
15.19
2.38
4.27
8.74
4.75
6.27
15.65
2.55
1.64
9.54
12.03
0.34
8.70
3.58
12.81
10.23
13.86
1.80
15.03
8.81
2.13
6.09
3.19
4.72
11.52
3.73
6.83
8.89
15.71
12.35
7.70
12.34
2.47
12.49
3.51
6.84
5.79
7.14
14.11
13.28
12.24
5.47
12.83
2.29
5.28
9.67
15.84
14.78
1.98
6.97
12.50
16.13
10.56
14.45
15.13
2.04
12.18
12.28
4.78
8.88
11.98
1.03
7.87
15.68
6.97
9.45
10.43
13.35
8.27
2.03
5.26
11.50
10.32
13.88
0.35
8.63
11.95
16.18
10.06
9.26
1.64
14.09
14.49
1.92
8.38
11.02
9.41
12.44
11.77
14.79
10.96
12.94
0.86
12.01
4.23
8.37
16.00
6.56
4.89
1.46
16.08
1.42
10.33
3.34
5.86
13.82
13.70
10.39
8.83
0.70
12.92
0.64
0.49
11.00
10.57
15.86
2.31
14.32
0.04
14.08
2.59
1.51
1.20
5.53
12.44
3.75
0.88
15.97
6.72
10.03
6.91
6.12
14.49
4.24
4.73
1.95
12.05
1.97
11.47
4.12
3.10
3.23
15.10
14.32
8.67
5.84
2.47
7.66
12.44
15.85
6.86
8.12
5.04
15.12
10.08
13.75
11.31
12.98
14.61
8.98
14.71
3.54
6.17
10.34
11.73
1.31
8.25
9.17
15.85
15.01
6.91
8.59
5.91
6.55
11.49
11.51
13.38
8.37
0.41
14.66
1.09
2.69
6.24
15.33
7.51
15.24
12.65
8.43
1.60
4.74
3.94
0.03
7.77
12.92
10.50
7.72
0.47
13.27
11.93
6.69
5.27
14.45
9.52
13.61
6.82
6.50
2.89
7.25
15.32
14.88
14.26
13.48
8.44
9.63
6.12
16.34
10.84
3.35
3.04
13.74
13.91
10.17
7.07
6.87
1.40
8.16
15.81
13.72
6.26
16.04
14.50
11.44
9.69
13.42
10.06
4.63
5.01
11.44
10.62
6.36
0.03
7.66
2.44
9.58
9.20
0.68
8.50
12.54
15.87
2.40
5.38
1.77
4.38
10.13
2.66
8.65
5.43
0.42
13.88
9.83
10.82
6.04
7.37
10.68
8.83
14.27
7.80
15.64
4.99
3.75
8.82
5.63
12.92
11.23
0.79
12.44
5.59
9.10
15.04
11.55
2.17
0.47
11.82
5.05
11.64
0.43
12.39
13.47
3.43
1.75
9.32
15.44
14.20
13.71
0.12
3.30
3.76
14.47
1.88
1.03
12.55
1.03
11.34
10.35
1.05
6.62
1.11
14.88
11.09
2.46
9.01
7.99
14.18
8.49
8.02
16.22
4.47
3.29
9.14
12.06
7.45
15.82
2.90
7.89
6.76
1.09
7.78
10.40
2.84
2.08
0.06
7.48
8.40
12.45
9.88
15.74
1.30
9.88
4.71
11.26
0.54
2.09
7.32
1.25
12.76
9.21
2.55
12.31
8.17
10.48
15.38
9.45
5.65
15.23
13.19
14.48
14.27
3.98
6.89
12.02
2.88
7.14
6.80
5.10
0.53
15.31
3.23
9.14
2.92
13.12
10.85
1.52
0.44
4.49
11.38
5.33
3.49
3.08
7.85
0.83
14.94
1.47
13.04
6.26
4.05
9.29
3.32
3.29
14.89
16.36
15.95
0.11
6.63
6.68
16.06
4.30
14.00
0.91
1.31
13.85
12.49
14.23
14.31
0.48
9.97
14.73
11.40
6.95
3.86
12.77
6.13
2.68
9.03
4.97
15.07
6.18
14.32
12.24
0.45
3.36
14.89
2.56
2.11
11.33
0.46
13.70
10.29
13.93
7.71
14.67
12.43
0.33
0.01
14.11
9.37
14.77
6.91
3.78
12.98
3.59
11.46
5.53
15.51
13.27
9.86
12.41
4.23
16.08
15.02
15.83
15.31
10.18
4.17
13.72
10.94
4.12
3.54
6.36
12.38
7.82
12.88
9.24
3.99
2.11
10.62
11.77
2.55
4.93
9.22
15.38
0.34
5.36
11.09
2.36
14.99
13.23
0.93
8.14
4.28
9.53
10.70
14.37
13.95
11.73
12.10
12.35
5.26
9.58
14.67
1.22
15.83
0.14
12.85
0.07
8.96
1.70
0.41
2.16
4.99
2.82
14.49
11.59
1.04
0.80
6.69
14.81
13.58
4.99
2.03
7.06
2.54
3.66
8.53
12.92
10.39
10.43
2.45
13.35
15.83
12.00
15.09
14.06
14.84
9.53
1.88
0.95
8.52
7.74
9.95
5.28
14.37
1.71
5.34
0.17
8.30
15.89
13.14
13.49
1.70
5.26
15.09
13.93
13.72
12.60
1.21
5.99
14.78
7.97
15.87
14.18
4.91
10.71
14.54
2.56
16.17
4.12
14.76
1.91
11.85
4.25
9.92
12.44
0.74
8.86
5.04
0.36
8.11
6.75
1.57
7.80
9.65
1.24
13.32
3.24
3.39
9.88
9.04
8.90
8.38
9.46
0.07
10.87
13.03
13.23
13.39
15.13
11.51
4.53
14.37
12.92
4.33
4.56
16.10
5.91
12.53
4.46
12.98
7.54
6.37
8.15
7.35
10.19
7.34
0.46
13.70
2.61
12.33
5.34
10.78
1.91
14.06
10.70
3.84
6.83
14.00
16.11
14.97
10.18
13.06
7.51
15.99
13.72
10.34
6.23
4.23
10.68
13.55
1.68
12.33
3.10
5.43
15.86
6.48
16.27
1.08
15.31
11.15
5.10
11.78
8.57
2.11
14.28
5.33
6.20
14.37
11.68
4.66
1.68
12.22
7.22
1.70
6.61
11.02
15.10
3.65
6.09
9.76
12.43
1.19
1.34
6.42
16.12
2.27
12.26
5.59
0.06
11.51
10.13
0.45
10.08
10.70
10.53
13.59
7.16
15.07
2.14
0.90
7.36
7.65
12.64
14.13
15.08
8.73
1.71
8.65
13.01
14.73
8.15
12.35
0.39
2.46
16.21
11.31
16.26
5.24
5.37
16.13
1.77
6.10
6.87
6.85
3.35
9.43
13.22
13.59
15.62
11.74
13.53
13.36
16.28
5.62
4.44
9.05
14.59
1.52
11.11
11.19
3.65
3.45
3.63
7.74
14.86
0.35
13.07
14.13
10.17
0.75
2.17
6.70
1.75
0.27
8.73
7.99
16.32
10.47
4.95
11.17
7.19
2.50
4.58
14.84
7.09
5.80
11.56
4.64
3.15
5.85
16.25
13.79
2.64
15.69
15.61
8.10
9.28
14.65
2.10
5.96
13.81
12.51
11.70
1.23
14.88
14.79
0.11
5.11
11.52
0.32
12.24
4.49
4.75
1.95
5.27
13.49
11.54
1.01
0.97
5.89
3.83
2.43
7.84
14.11
3.39
9.27
4.41
11.96
13.67
14.52
6.60
5.76
10.23
10.73
4.95
1.73
13.21
5.40
0.04
10.45
11.90
0.47
10.50
10.23
15.71
1.92
4.39
6.33
9.03
14.19
8.02
10.49
2.96
8.19
7.45
8.40
11.90
10.82
10.05
15.23
4.64
10.39
9.84
6.91
13.86
2.44
0.98
0.35
3.36
10.74
13.10
5.40
5.51
1.30
4.19
8.03
7.59
14.56
13.01
15.67
12.01
4.50
1.19
12.28
0.29
6.90
3.52
2.82
8.06
12.39
11.18
7.95
4.47
5.98
8.89
8.23
14.04
5.57
8.48
10.79
7.77
9.69
10.95
6.70
4.86
14.14
16.09
2.54
7.39
13.72
11.31
9.70
0.37
12.72
14.99
0.92
6.55
14.67
13.60
10.54
9.22
0.00
8.22
6.63
12.16
13.54
11.11
13.45
8.84
4.47
15.40
9.38
14.19
8.64
14.33
10.10
4.42
2.61
